"species","x","y","globedem","nlights03","sdroads","gcarb","twi","globcov"
"species",1,1,992,17,7141,87,23.7000007629395,"5"
"species",2,2,1882,44,4620,53,23.7999992370605,"22"
"species",3,3,2251,0,6820,51,22.8999996185303,"5"
"species",4,4,15,60,13155,45,24.7000007629395,"1"
"species",5,5,2351,0,0,85,22.3999996185303,"5"
"species",6,6,632,0,5126,81,24.8999996185303,"11"
"species",7,7,2323,0,6314,87,22.5,"5"
"species",8,8,2416,0,0,84,22.5,"5"
"species",9,9,1375,3,0,68,24.3999996185303,"6"
"species",10,10,2357,0,0,79,22.7000007629395,"15"
"species",11,11,2666,0,0,77,22.8999996185303,"6"
"species",12,12,2339,0,0,87,22.6000003814697,"5"
"species",13,13,1287,7,5488,87,24.1000003814697,"5"
"species",14,14,263,6,5247,40,24.7000007629395,"13"
"species",15,15,1958,0,1848,87,22.2999992370605,"5"
"species",16,16,948,5,11784,78,23.5,"5"
"species",17,17,1044,14,17430,81,23.1000003814697,"11"
"species",18,18,2957,0,0,80,22.7999992370605,"6"
"species",19,19,922,0,8044,87,24,"5"
"species",20,20,1171,9,4546,87,24.2000007629395,"5"
"species",21,21,2030,0,0,86,22.6000003814697,"6"
"species",22,22,2512,0,0,87,22.5,"5"
"species",23,23,720,0,2658,87,22.7999992370605,"5"
"species",24,24,1259,0,0,87,22.8999996185303,"5"
"species",25,25,172,10,0,37,24.7999992370605,"13"
"species",26,26,831,4,0,87,24.6000003814697,"5"
"species",27,27,2984,0,7001,79,22.1000003814697,"5"
"species",28,28,850,1,0,82,23.8999996185303,"5"
"species",29,29,1057,14,11356,87,23.8999996185303,"5"
"species",30,30,1893,5,5641,86,23.1000003814697,"5"
"species",31,31,980,2,10592,86,24.8999996185303,"5"
"species",32,32,1947,20,8125,83,22.7999992370605,"5"
"species",33,33,361,0,2383,108,23,"5"
"species",34,34,612,0,0,106,23.2999992370605,"5"
"species",35,35,506,6,11983,85,24.2000007629395,"5"
"species",36,36,78,26,6362,48,26.2999992370605,"15"
"species",37,37,850,17,3321,85,24.5,"5"
"species",38,38,583,10,5149,77,23.6000003814697,"5"
"species",39,39,10,0,7908,27,24.1000003814697,"22"
"species",40,40,3047,0,0,76,22.5,"6"
"species",41,41,1134,10,1614,87,24.2000007629395,"5"
"species",42,42,22,7,10558,70,26.5,"10"
"species",43,43,86,0,13676,127,23.7999992370605,"11"
"species",44,44,858,4,0,66,23.8999996185303,"15"
"species",45,45,2228,29,8673,85,23.2000007629395,"5"
"species",46,46,935,16,5676,86,24.2999992370605,"5"
"species",47,47,369,5,2017,99,24.7000007629395,"5"
"species",48,48,402,0,0,84,25,"5"
"species",49,49,508,0,0,87,22.8999996185303,"5"
"species",50,50,1325,0,0,87,23.6000003814697,"5"
"species",51,51,48,0,0,18,26.6000003814697,"3"
"species",52,52,415,2,4821,78,25,"22"
"species",53,53,824,0,0,126,23,"11"
"species",54,54,524,0,0,87,23.2000007629395,"5"
"species",55,55,2451,0,0,82,22.1000003814697,"5"
"species",56,56,733,54,7633,83,25,"5"
"species",57,57,508,0,0,86,22.2999992370605,"5"
"species",58,58,611,0,4409,87,23.1000003814697,"5"
"species",59,59,738,4,0,85,24.7000007629395,"5"
"species",60,60,2088,0,0,83,22.3999996185303,"5"
"species",61,61,869,0,5877,87,23.5,"5"
"species",62,62,2535,0,0,80,22.3999996185303,"6"
"species",63,63,3147,0,0,74,22,"5"
"species",64,64,69,0,6787,67,23.6000003814697,"22"
"species",65,65,826,0,0,87,23.6000003814697,"11"
"species",66,66,8,9,0,36,26.3999996185303,"10"
"species",67,67,847,0,0,87,22.2999992370605,"5"
"species",68,68,908,6,0,86,24.7000007629395,"5"
"species",69,69,1508,0,0,87,22.1000003814697,"5"
"species",70,70,573,0,0,63,23.1000003814697,"11"
"species",71,71,1970,0,1358,15,24.5,"6"
"species",72,72,643,0,11766,77,23.8999996185303,"11"
"species",73,73,2364,0,5723,83,22.5,"5"
"species",74,74,1752,0,827,84,23.2999992370605,"5"
"species",75,75,332,53,0,44,25.8999996185303,"6"
"species",76,76,3509,0,0,58,21.1000003814697,"6"
"species",77,77,23,13,219,13,26.3999996185303,"15"
"species",78,78,462,0,5775,80,24.7999992370605,"13"
"species",79,79,1137,0,0,8,23.1000003814697,"6"
"species",80,80,1213,0,0,76,23.3999996185303,"5"
"species",81,81,1068,0,0,87,22.7000007629395,"5"
"species",82,82,1984,0,2792,85,22.8999996185303,"5"
"species",83,83,1281,0,0,87,23.2999992370605,"5"
"species",84,84,1011,4,3516,66,24.5,"13"
"species",85,85,487,0,5001,87,23.7000007629395,"5"
"species",86,86,73,4,0,57,26.2000007629395,"22"
"species",87,87,1973,5,5356,22,23.7000007629395,"6"
"species",88,88,1470,8,5338,9,24,"6"
"species",89,89,1600,9,0,44,23,"12"
"species",90,90,3221,0,0,27,21.2999992370605,"13"
"species",91,91,30,14,21903,33,23.2000007629395,"11"
"species",92,92,322,0,5355,33,24.1000003814697,"5"
"species",93,93,162,13,13583,185,24.7000007629395,"11"
"species",94,94,182,0,6315,32,24.3999996185303,"5"
"species",95,95,157,21,4525,232,25.2000007629395,"10"
"species",96,96,204,22,7262,30,25.7000007629395,"5"
"species",97,97,1265,0,0,29,23.6000003814697,"5"
"species",98,98,454,0,1971,33,24.2999992370605,"11"
"species",99,99,1030,5,12204,31,24.1000003814697,"5"
"species",100,100,554,0,0,33,24.6000003814697,"5"
"species",101,101,180,6,0,189,25,"3"
"species",102,102,1423,0,0,32,23.2999992370605,"5"
"species",103,103,861,0,0,31,23.8999996185303,"5"
"species",104,104,1042,8,5957,17,23.8999996185303,"6"
"species",105,105,1174,6,10046,36,24.3999996185303,"5"
"species",106,106,45,2,4825,45,24,"3"
"species",107,107,76,19,5337,80,25.5,"3"
"species",108,108,122,1,2727,31,23.2999992370605,"5"
"species",109,109,532,4,0,285,24.5,"5"
"species",110,110,33,31,5896,31,23.7000007629395,"22"
"species",111,111,1253,0,5169,32,23,"5"
"species",112,112,322,4,0,46,24,"5"
"species",113,113,339,0,0,33,24.7000007629395,"11"
"species",114,114,610,6,5104,33,24,"5"
"species",115,115,239,5,13004,30,23.8999996185303,"5"
"species",116,116,353,11,5079,83,23.7999992370605,"5"
"species",117,117,142,13,4409,51,25.3999996185303,"5"
"species",118,118,289,10,5111,81,24.6000003814697,"3"
"species",119,119,751,0,6353,33,23.7999992370605,"5"
"species",120,120,217,5,15437,184,25.7999992370605,"11"
"species",121,121,952,0,0,33,22.8999996185303,"5"
"species",122,122,639,0,5214,7,24.6000003814697,"6"
"species",123,123,407,0,0,33,25.2999992370605,"5"
"species",124,124,1061,0,4849,30,24.7000007629395,"5"
"species",125,125,892,4,0,28,23.2999992370605,"11"
"species",126,126,1056,0,0,24,25.2000007629395,"5"
"species",127,127,1507,0,0,32,24.7999992370605,"5"
"species",128,128,1455,0,10454,32,24.7000007629395,"5"
"species",129,129,1509,0,0,33,22.6000003814697,"5"
"species",130,130,307,0,0,230,25,"5"
"species",131,131,78,32,6932,97,25,"3"
"species",132,132,1491,0,3750,24,24.2000007629395,"5"
"species",133,133,1884,0,10482,31,23.5,"5"
"species",134,134,262,5,6142,37,24.8999996185303,"13"
"species",135,135,553,4,6420,87,23.5,"5"
"species",136,136,113,0,0,33,24.5,"11"
"species",137,137,1086,0,0,87,23.6000003814697,"5"
"species",138,138,1223,2,6722,31,23.3999996185303,"5"
"species",139,139,1403,0,0,33,23.1000003814697,"5"
"species",140,140,1749,0,9000,31,23.5,"5"
"species",141,141,237,4,12741,16,25.2000007629395,"11"
"species",142,142,1791,0,0,33,22.8999996185303,"5"
"species",143,143,591,0,0,8,25.5,"6"
"species",144,144,2080,0,0,34,21.8999996185303,"5"
"species",145,145,1006,4,4459,20,24.1000003814697,"13"
"species",146,146,8,7,3939,6,25,"5"
"species",147,147,24,5,4455,13,25.1000003814697,"5"
"species",148,148,487,0,5099,82,22.8999996185303,"5"
"species",149,149,-2,3,486,5,25,"22"
"species",150,150,1007,0,0,33,22.8999996185303,"5"
"species",151,151,1009,0,0,33,23.8999996185303,"5"
"species",152,152,299,5,0,83,23.2999992370605,"5"
"species",153,153,1357,0,0,33,24.1000003814697,"22"
"species",154,154,-5,4,4297,13,24.6000003814697,"22"
"species",155,155,769,0,0,87,23,"11"
"species",156,156,615,0,0,282,24.2000007629395,"5"
"species",157,157,518,4,5136,15,24.1000003814697,"14"
"species",158,158,537,0,0,38,23.5,"3"
"species",159,159,1722,0,0,87,23.5,"5"
"species",160,160,933,0,4838,33,23.7000007629395,"5"
"species",161,161,1260,0,1,33,23.7000007629395,"5"
"species",162,162,1085,0,0,33,24,"11"
"species",163,163,411,14,8326,85,23.8999996185303,"5"
"species",164,164,790,0,0,33,23.3999996185303,"11"
"species",165,165,348,1,0,354,24.2999992370605,"5"
"species",166,166,769,0,0,33,22.7999992370605,"5"
"species",167,167,200,23,9177,226,24.2999992370605,"11"
"species",168,168,1430,0,0,26,22.3999996185303,"5"
"species",169,169,1176,0,0,33,22.8999996185303,"11"
"species",170,170,28,0,4682,12,25,"5"
"species",171,171,402,6,8304,330,24.5,"11"
"species",172,172,625,0,5684,30,24.3999996185303,"20"
"species",173,173,434,0,8826,9,24.7000007629395,"13"
"species",174,174,195,6,1802,326,24,"11"
"species",175,175,432,7,3599,283,22.3999996185303,"5"
"species",176,176,32,5,11074,28,24.8999996185303,"3"
"species",177,177,1231,20,4451,30,23.6000003814697,"17"
"species",178,178,497,0,0,33,23.3999996185303,"5"
"species",179,179,109,0,0,33,24.8999996185303,"11"
"species",180,180,772,0,0,32,24.7000007629395,"11"
"species",181,181,12,28,11872,194,24.2999992370605,"3"
"species",182,182,47,0,3753,23,24.2999992370605,"5"
"species",183,183,1300,0,0,28,21.7000007629395,"5"
"species",184,184,875,0,0,33,22.7000007629395,"17"
"species",185,185,111,1,5542,33,23.7000007629395,"5"
"species",186,186,19,10,10068,25,24.7999992370605,"15"
"species",187,187,270,8,0,242,23.5,"11"
"species",188,188,56,61,19557,266,24.3999996185303,"1"
"species",189,189,877,0,2594,32,24.1000003814697,"3"
"species",190,190,74,63,7446,24,24.2000007629395,"11"
"species",191,191,-10,47,2235,241,24.3999996185303,"22"
"species",192,192,343,0,6210,22,23.5,"13"
"species",193,193,53,9,10592,346,24.3999996185303,"11"
"species",194,194,37,14,5445,18,24.2999992370605,"11"
"species",195,195,178,7,0,380,24.1000003814697,"11"
"species",196,196,28,7,143,252,24.6000003814697,"22"
"species",197,197,725,9,12421,32,22.5,"17"
"species",198,198,742,7,5155,31,22.7000007629395,"17"
"species",199,199,845,5,9166,31,23,"11"
"species",200,200,146,8,1700,330,24.7999992370605,"5"
"species",201,201,1343,0,0,31,23.2000007629395,"5"
"species",202,202,1625,0,0,32,22.2999992370605,"5"
"species",203,203,55,11,0,257,24.7000007629395,"5"
"species",204,204,444,6,7643,24,23.2000007629395,"22"
"species",205,205,199,8,3288,253,24.5,"11"
"species",206,206,664,0,0,33,23.3999996185303,"5"
"species",207,207,1022,0,0,49,22,"5"
"species",208,208,1145,0,0,47,22.8999996185303,"6"
"species",209,209,1304,0,0,34,22.2999992370605,"5"
"species",210,210,273,7,12364,33,23.8999996185303,"11"
"species",211,211,856,4,0,69,24.3999996185303,"5"
"species",212,212,237,5,0,357,24,"11"
"species",213,213,92,23,5148,198,24.6000003814697,"5"
"species",214,214,1371,0,0,33,22,"5"
"species",215,215,75,30,0,201,24.7000007629395,"3"
"species",216,216,790,0,0,31,22.7000007629395,"5"
"species",217,217,341,0,0,329,24,"5"
"species",218,218,66,19,4522,295,24.7000007629395,"5"
"species",219,219,336,5,0,327,23.3999996185303,"11"
"species",220,220,543,18,8296,12,24.5,"15"
"species",221,221,941,0,7833,33,24.1000003814697,"5"
"species",222,222,1021,0,0,24,24.3999996185303,"5"
"species",223,223,210,0,17377,33,22.6000003814697,"5"
"species",224,224,864,0,0,28,22,"5"
"species",225,225,673,0,0,33,23.2000007629395,"5"
"species",226,226,38,56,16196,185,24.3999996185303,"5"
"species",227,227,152,47,150,216,24.3999996185303,"22"
"species",228,228,254,0,0,373,22.5,"11"
"species",229,229,493,12,13030,207,23.2999992370605,"3"
"species",230,230,69,63,16657,140,24.7999992370605,"5"
"species",231,231,770,0,2894,51,22.7999992370605,"11"
"species",232,232,739,8,5091,22,23.5,"21"
"species",233,233,173,45,7469,20,25.2000007629395,"10"
"species",234,234,670,0,3205,362,22.8999996185303,"11"
"species",235,235,536,0,0,32,22.2999992370605,"5"
"species",236,236,629,12,0,27,23,"5"
"species",237,237,997,3,0,31,23.7000007629395,"5"
"species",238,238,1087,0,0,32,23.2000007629395,"5"
"species",239,239,182,7,9360,237,24.6000003814697,"11"
"species",240,240,10,7,14342,26,24.8999996185303,"11"
"species",241,241,460,0,0,23,21.7999992370605,"21"
"species",242,242,115,32,10361,85,25.2999992370605,"3"
"species",243,243,682,0,0,27,23.3999996185303,"5"
"species",244,244,722,0,0,36,21.7000007629395,"5"
"species",245,245,513,1,5899,33,22.3999996185303,"5"
"species",246,246,607,5,14374,21,23.2000007629395,"3"
"species",247,247,1583,0,0,33,22.2999992370605,"5"
"species",248,248,1254,0,7026,20,22.1000003814697,"17"
"species",249,249,511,0,2294,374,23.5,"11"
"species",250,250,24,12,5119,292,24.7000007629395,"11"
"species",251,251,77,7,5250,199,24.1000003814697,"11"
"species",252,252,319,0,4602,373,23.8999996185303,"11"
"species",253,253,988,0,10736,34,23.5,"3"
"species",254,254,1158,0,5677,33,22.3999996185303,"5"
"species",255,255,1273,0,0,25,22.2999992370605,"5"
"species",256,256,67,49,14216,146,24.7999992370605,"3"
"species",257,257,412,2,0,33,23.3999996185303,"11"
"species",258,258,1068,0,0,31,22.6000003814697,"5"
"species",259,259,258,10,4510,113,22,"5"
"species",260,260,203,12,5123,263,24.1000003814697,"5"
"species",261,261,396,5,5242,361,23.2999992370605,"11"
"species",262,262,1755,0,0,19,22.2000007629395,"6"
"species",263,263,994,0,0,33,22.7000007629395,"5"
"species",264,264,710,0,0,22,23.5,"5"
"species",265,265,143,5,9972,373,23.5,"11"
"species",266,266,67,0,0,25,24.7000007629395,"11"
"species",267,267,822,3,0,32,22.3999996185303,"11"
"species",268,268,128,4,5926,345,24.7999992370605,"11"
"species",269,269,289,14,14685,12,25.7000007629395,"5"
"species",270,270,90,4,5375,27,24.7999992370605,"3"
"species",271,271,1191,0,0,30,24.2000007629395,"5"
"species",272,272,213,7,5835,97,24.1000003814697,"5"
"species",273,273,634,0,0,32,21.7000007629395,"5"
"species",274,274,150,18,10021,328,24.7999992370605,"11"
"species",275,275,1265,0,0,30,23.2000007629395,"11"
"species",276,276,37,12,0,197,24.1000003814697,"22"
"species",277,277,41,0,0,24,24.6000003814697,"11"
"species",278,278,26,63,23391,171,24.7999992370605,"1"
"species",279,279,1232,0,0,33,22.7999992370605,"5"
"species",280,280,250,9,7464,332,24.7000007629395,"11"
"species",281,281,73,14,10780,286,24.3999996185303,"3"
"species",282,282,177,32,1212,241,24.5,"5"
"species",283,283,254,14,8106,264,24.1000003814697,"11"
"species",284,284,606,0,0,33,22.7999992370605,"5"
"species",285,285,679,63,0,26,24.3999996185303,"13"
"species",286,286,1090,0,0,31,22.8999996185303,"5"
"species",287,287,1285,0,0,29,25.5,"5"
"species",288,288,43,62,15165,148,24.3999996185303,"5"
"species",289,289,552,5,9384,20,23.2000007629395,"14"
"species",290,290,54,15,2027,259,24.2999992370605,"11"
"species",291,291,80,26,681,25,24.7999992370605,"11"
"species",292,292,836,0,0,215,23,"5"
"species",293,293,126,60,977,180,24.6000003814697,"5"
"species",294,294,103,0,2472,33,24.2000007629395,"11"
"species",295,295,24,28,6835,258,24.5,"3"
"species",296,296,1935,0,0,39,23,"21"
"species",297,297,872,0,5613,25,23.3999996185303,"21"
"species",298,298,269,8,15310,200,23.7999992370605,"5"
"species",299,299,95,62,7918,88,24.2999992370605,"11"
"species",300,300,572,5,5338,131,23,"11"
"species",301,301,26,13,6567,129,24.8999996185303,"13"
"species",302,302,418,0,145,31,24.3999996185303,"11"
"species",303,303,158,5,2952,49,24.7000007629395,"11"
"species",304,304,609,0,0,41,22.1000003814697,"17"
"species",305,305,524,3,1031,199,23.5,"11"
"species",306,306,982,0,5212,50,22.1000003814697,"5"
"species",307,307,420,0,0,327,24.1000003814697,"11"
"species",308,308,476,0,11279,31,23.3999996185303,"5"
"species",309,309,650,0,0,33,23.2999992370605,"5"
"species",310,310,38,62,17569,266,24.5,"5"
"species",311,311,348,6,0,92,22.8999996185303,"5"
"species",312,312,235,0,0,32,23.8999996185303,"5"
"species",313,313,359,5,0,31,22.8999996185303,"3"
"species",314,314,1332,0,0,32,22.7999992370605,"5"
"species",315,315,52,6,7285,32,25,"5"
"species",316,316,298,7,1766,39,23.2999992370605,"11"
"species",317,317,704,0,10712,71,22.3999996185303,"5"
"species",318,318,786,0,0,287,23.8999996185303,"5"
"species",319,319,299,6,0,212,23.2000007629395,"11"
"species",320,320,370,5,0,340,24.2000007629395,"11"
"species",321,321,149,6,8193,350,24.5,"11"
"species",322,322,1021,0,0,32,22.3999996185303,"5"
"species",323,323,1034,0,0,33,23,"5"
"species",324,324,172,4,0,329,24.2000007629395,"11"
"species",325,325,183,5,0,290,24.7000007629395,"5"
"species",326,326,1656,0,0,66,23,"5"
"species",327,327,369,0,0,88,23.2999992370605,"5"
"species",328,328,2511,0,0,67,22.7000007629395,"5"
"species",329,329,788,6,0,87,25.1000003814697,"11"
"species",330,330,399,5,11619,77,25.3999996185303,"13"
"species",331,331,871,0,0,87,24.5,"5"
"species",332,332,1178,8,0,72,23.2999992370605,"6"
"species",333,333,2312,0,0,86,21.7000007629395,"5"
"species",334,334,684,0,0,87,22.2999992370605,"5"
"species",335,335,2376,0,5227,71,22.2000007629395,"5"
"species",336,336,2403,0,849,79,23.2000007629395,"5"
"species",337,337,1258,4,0,84,23.2000007629395,"5"
"species",338,338,1327,6,11355,55,24.7000007629395,"5"
"species",339,339,1595,0,5685,87,23.5,"11"
"species",340,340,1488,0,6494,87,22.8999996185303,"5"
"species",341,341,738,4,0,86,25.1000003814697,"11"
"species",342,342,1676,0,0,87,23.7000007629395,"5"
"species",343,343,1026,5,5039,87,24.2999992370605,"5"
"species",344,344,57,4,4619,99,23.6000003814697,"5"
"species",345,345,2442,28,4700,80,22.2999992370605,"5"
"species",346,346,1446,0,6199,87,24,"5"
"species",347,347,1465,1,3780,87,23.6000003814697,"5"
"species",348,348,1118,6,0,87,24.7000007629395,"5"
"species",349,349,2560,7,2675,81,22.8999996185303,"22"
"species",350,350,1645,0,0,88,22.6000003814697,"5"
"species",351,351,1473,6,15380,87,23.7999992370605,"5"
"species",352,352,2090,0,0,87,23.5,"5"
"species",353,353,453,53,21385,83,25.5,"5"
"species",354,354,188,61,17884,116,25.5,"5"
"species",355,355,1107,0,0,87,22.7000007629395,"5"
"species",356,356,2368,4,4436,87,23.5,"5"
"species",357,357,1275,0,3092,87,23.7999992370605,"5"
"species",358,358,1086,0,0,87,24.2999992370605,"5"
"species",359,359,1736,0,6805,87,22.5,"5"
"species",360,360,24,42,11760,46,23.7999992370605,"5"
"species",361,361,2198,0,0,87,23.7000007629395,"5"
"species",362,362,938,0,0,87,24.2999992370605,"5"
"species",363,363,2530,0,0,82,22.6000003814697,"6"
"species",364,364,2702,0,0,80,21.8999996185303,"5"
"species",365,365,410,3,2785,87,23.7000007629395,"5"
"species",366,366,1277,0,0,81,23.5,"5"
"species",367,367,3,46,6692,58,24.3999996185303,"5"
"species",368,368,1970,0,0,79,22.3999996185303,"5"
"species",369,369,1004,4,2712,87,24.2000007629395,"5"
"species",370,370,1033,0,0,86,22.3999996185303,"5"
"species",371,371,1959,4,6165,72,22.3999996185303,"20"
"species",372,372,2109,0,0,81,22.8999996185303,"5"
"species",373,373,1615,3,4063,87,23.7999992370605,"5"
"species",374,374,991,0,0,84,22.7999992370605,"5"
"species",375,375,2061,0,0,80,23.7999992370605,"5"
"species",376,376,739,15,3604,87,24.2000007629395,"5"
"species",377,377,2592,0,0,75,21.2999992370605,"5"
"species",378,378,862,0,0,77,22.3999996185303,"5"
"species",379,379,84,0,6862,41,24.2000007629395,"5"
"species",380,380,1486,0,110,87,23.2999992370605,"5"
"species",381,381,727,0,1552,86,23.8999996185303,"22"
"species",382,382,28,5,0,22,26.3999996185303,"15"
"species",383,383,1052,0,6219,87,23.3999996185303,"5"
"species",384,384,1798,0,0,87,24.1000003814697,"5"
"species",385,385,1013,0,5603,87,24.2000007629395,"5"
"species",386,386,212,0,7299,87,22.5,"5"
"species",387,387,2504,0,0,85,22.6000003814697,"5"
"species",388,388,1938,0,0,81,23.3999996185303,"5"
"species",389,389,958,38,11578,77,23.2000007629395,"5"
"species",390,390,423,3,6892,86,25.5,"11"
"species",391,391,1298,10,3691,87,23.7999992370605,"5"
"species",392,392,2333,0,6470,87,23.3999996185303,"5"
"species",393,393,150,11,5725,77,24.7000007629395,"3"
"species",394,394,600,0,0,85,23.1000003814697,"5"
"species",395,395,1043,7,5581,86,23.7999992370605,"5"
"species",396,396,2381,0,0,85,22.5,"6"
"species",397,397,250,10,6925,87,25.2999992370605,"5"
"species",398,398,825,5,3356,87,24.8999996185303,"5"
"species",399,399,284,5,1198,76,25.2000007629395,"11"
"species",400,400,801,7,1718,82,24.2000007629395,"5"
"species",401,401,290,11,11091,75,24.2999992370605,"5"
"species",402,402,2789,0,6591,72,22.3999996185303,"6"
"species",403,403,2022,0,0,87,22.2999992370605,"11"
"species",404,404,891,0,0,86,23.1000003814697,"5"
"species",405,405,1074,0,0,87,24,"5"
"species",406,406,2425,0,0,85,23.6000003814697,"6"
"species",407,407,2588,0,0,77,23.3999996185303,"5"
"species",408,408,107,23,4229,9,26.5,"15"
"species",409,409,211,4,4276,65,24.6000003814697,"12"
"species",410,410,542,5,7480,60,25.2000007629395,"13"
"species",411,411,831,1,5918,87,24.2999992370605,"5"
"species",412,412,442,7,6312,87,23.6000003814697,"11"
"species",413,413,842,54,5746,42,23.3999996185303,"5"
"species",414,414,967,6,3670,82,22.2000007629395,"5"
"species",415,415,1503,4,5537,85,23.3999996185303,"5"
"species",416,416,1043,0,0,87,24.1000003814697,"5"
"species",417,417,1549,0,0,87,23.3999996185303,"11"
"species",418,418,1946,8,5456,41,23.6000003814697,"22"
"species",419,419,574,0,0,87,24.3999996185303,"5"
"species",420,420,217,0,0,102,23,"11"
"species",421,421,196,0,515,115,23.3999996185303,"11"
"species",422,422,2216,0,0,84,23,"5"
"species",423,423,2270,0,0,87,23.2000007629395,"5"
"species",424,424,360,5,0,113,23.7999992370605,"11"
"species",425,425,2714,0,0,81,22.2999992370605,"6"
"species",426,426,3364,0,0,71,22,"6"
"species",427,427,2447,0,0,84,22.6000003814697,"14"
"species",428,428,2846,3,0,82,22.8999996185303,"5"
"species",429,429,3376,0,0,75,22.6000003814697,"6"
"species",430,430,2481,4,2021,85,22.7000007629395,"5"
"species",431,431,2361,0,0,47,21.2000007629395,"10"
"species",432,432,448,46,10618,83,25.2999992370605,"5"
"species",433,433,819,0,0,86,22.8999996185303,"5"
"species",434,434,1777,0,0,52,23.1000003814697,"15"
"species",435,435,2452,0,0,88,22.8999996185303,"5"
"species",436,436,1948,0,0,17,23.1000003814697,"6"
"species",437,437,2553,0,0,79,22.8999996185303,"6"
"species",438,438,317,0,0,127,23.2000007629395,"5"
"species",439,439,1696,0,0,87,23.6000003814697,"5"
"species",440,440,1405,0,0,69,25,"5"
"species",441,441,1851,0,0,87,23.2999992370605,"5"
"species",442,442,863,60,0,25,23.8999996185303,"6"
"species",443,443,2783,0,0,71,22.5,"5"
"species",444,444,1512,0,0,66,23,"15"
"species",445,445,2499,0,0,84,21.7999992370605,"5"
"species",446,446,11,24,3742,77,23.7999992370605,"3"
"species",447,447,1522,6,0,64,24.3999996185303,"5"
"species",448,448,1076,0,0,87,24.3999996185303,"5"
"species",449,449,2101,21,12246,44,23.2999992370605,"6"
"species",450,450,1306,0,4891,87,22.2000007629395,"11"
"species",451,451,1030,7,0,82,24.8999996185303,"5"
"species",452,452,1304,0,991,58,24.1000003814697,"6"
"species",453,453,2528,5,0,80,22.3999996185303,"22"
"species",454,454,1302,0,0,7,25,"6"
"species",455,455,1995,6,0,26,23.3999996185303,"11"
"species",456,456,2213,0,0,19,22.6000003814697,"15"
"species",457,457,534,0,0,33,23.7000007629395,"5"
"species",458,458,328,0,0,209,24.5,"5"
"species",459,459,56,0,0,33,25.2000007629395,"5"
"species",460,460,640,0,5612,33,24.8999996185303,"5"
"species",461,461,102,7,12265,10,25.7999992370605,"3"
"species",462,462,259,23,9877,15,25.1000003814697,"11"
"species",463,463,424,0,0,27,25.3999996185303,"5"
"species",464,464,1249,3,5991,24,25.2999992370605,"2"
"species",465,465,1772,0,0,87,22.7999992370605,"6"
"species",466,466,1079,0,0,33,23.6000003814697,"5"
"species",467,467,797,0,0,33,24.2999992370605,"5"
"species",468,468,920,0,0,33,22.8999996185303,"11"
"species",469,469,1723,0,0,31,23.7000007629395,"5"
"species",470,470,977,0,0,28,23.8999996185303,"5"
"species",471,471,1462,13,1980,26,23,"5"
"species",472,472,1224,0,0,33,23.1000003814697,"5"
"species",473,473,1996,7,0,87,23.5,"5"
"species",474,474,469,0,4273,33,24,"5"
"species",475,475,136,9,0,30,25.6000003814697,"5"
"species",476,476,441,0,5188,33,24.2999992370605,"5"
"species",477,477,267,6,0,42,24.8999996185303,"15"
"species",478,478,438,0,0,34,24.8999996185303,"5"
"species",479,479,-10,21,2316,10,24.2000007629395,"22"
"species",480,480,657,4,0,87,23.2999992370605,"5"
"species",481,481,1749,0,0,87,22.8999996185303,"5"
"species",482,482,1045,0,0,33,23.2999992370605,"5"
"species",483,483,308,8,11490,167,24.8999996185303,"5"
"species",484,484,147,11,0,19,24.7000007629395,"11"
"species",485,485,1557,0,0,32,24.1000003814697,"5"
"species",486,486,1095,0,0,33,24.2999992370605,"5"
"species",487,487,737,4,2687,15,23.7000007629395,"15"
"species",488,488,1148,0,0,33,23.8999996185303,"5"
"species",489,489,2007,0,0,20,23.5,"8"
"species",490,490,1676,0,0,27,23.7999992370605,"11"
"species",491,491,1264,0,666,87,22.3999996185303,"5"
"species",492,492,123,8,9831,25,24.7000007629395,"11"
"species",493,493,225,4,0,38,24.2999992370605,"11"
"species",494,494,100,5,5629,12,25.5,"3"
"species",495,495,132,11,5818,38,25.2999992370605,"10"
"species",496,496,1035,9,5265,29,25.6000003814697,"13"
"species",497,497,1643,0,5257,32,22.8999996185303,"5"
"species",498,498,1480,0,0,32,24.6000003814697,"5"
"species",499,499,233,0,0,87,23,"5"
"species",500,500,332,0,0,31,25,"11"
"species",501,501,1322,0,0,24,25.6000003814697,"5"
"species",502,502,1161,0,0,32,23.2999992370605,"5"
"species",503,503,534,5,4299,31,23.8999996185303,"3"
"species",504,504,312,6,5626,137,25.2000007629395,"5"
"species",505,505,652,0,0,33,24.2999992370605,"3"
"species",506,506,576,0,0,25,25,"5"
"species",507,507,346,6,0,351,24.5,"11"
"species",508,508,14,5,4703,18,24.7000007629395,"5"
"species",509,509,1123,0,5217,33,24.7999992370605,"5"
"species",510,510,502,0,0,36,23.7999992370605,"5"
"species",511,511,660,0,5380,33,23.7000007629395,"5"
"species",512,512,224,0,0,33,24.2999992370605,"3"
"species",513,513,1559,0,0,21,24,"11"
"species",514,514,1570,0,0,31,22.2999992370605,"5"
"species",515,515,175,5,0,186,25.1000003814697,"15"
"species",516,516,1455,5,3272,31,23.2999992370605,"5"
"species",517,517,1727,0,0,31,24.2999992370605,"5"
"species",518,518,-15,6,1916,13,23.7999992370605,"22"
"species",519,519,984,0,6452,33,23.5,"5"
"species",520,520,148,9,0,22,24.8999996185303,"11"
"species",521,521,1421,0,0,37,24.6000003814697,"5"
"species",522,522,1664,0,0,87,22.6000003814697,"5"
"species",523,523,1163,0,0,37,23.6000003814697,"5"
"species",524,524,90,9,10164,31,25.8999996185303,"15"
"species",525,525,1249,0,5297,33,23.1000003814697,"5"
"species",526,526,221,4,3515,23,25.2000007629395,"5"
"species",527,527,1387,0,0,33,23.3999996185303,"5"
"species",528,528,364,0,0,33,23.8999996185303,"11"
"species",529,529,1576,0,0,31,23.7999992370605,"5"
"species",530,530,1618,0,0,87,23,"5"
"species",531,531,932,0,0,87,22.7999992370605,"5"
"species",532,532,289,0,0,23,24.7000007629395,"11"
"species",533,533,779,0,0,80,23.7999992370605,"11"
"species",534,534,480,0,0,31,24.7000007629395,"5"
"species",535,535,1258,0,3946,32,23.2000007629395,"15"
"species",536,536,1541,0,6461,46,23.7999992370605,"5"
"species",537,537,987,0,0,234,21.8999996185303,"11"
"species",538,538,885,0,0,26,23.8999996185303,"6"
"species",539,539,560,0,0,51,23.2999992370605,"11"
"species",540,540,831,0,0,85,22.2000007629395,"5"
"species",541,541,111,14,18369,255,24.7999992370605,"5"
"species",542,542,1392,0,0,33,22.3999996185303,"5"
"species",543,543,80,62,8786,290,24.6000003814697,"5"
"species",544,544,1274,0,5593,29,21.7000007629395,"5"
"species",545,545,877,0,0,237,23,"11"
"species",546,546,1081,0,0,33,24,"5"
"species",547,547,1730,0,0,33,22.1000003814697,"17"
"species",548,548,975,0,0,79,22.7000007629395,"5"
"species",549,549,1421,0,1506,29,21.7999992370605,"11"
"species",550,550,632,0,1976,33,22.6000003814697,"5"
"species",551,551,494,8,0,281,23.7999992370605,"5"
"species",552,552,818,0,1646,340,22.7000007629395,"5"
"species",553,553,754,0,0,31,23.2999992370605,"5"
"species",554,554,354,5,0,33,24.2000007629395,"11"
"species",555,555,802,5,0,30,22.6000003814697,"21"
"species",556,556,25,0,5763,16,24.8999996185303,"3"
"species",557,557,745,6,15595,21,24.3999996185303,"6"
"species",558,558,46,10,2679,29,25,"3"
"species",559,559,510,9,0,129,22.8999996185303,"5"
"species",560,560,959,6,6283,33,22.7999992370605,"5"
"species",561,561,712,4,0,27,24.2999992370605,"5"
"species",562,562,1199,0,5096,33,22.8999996185303,"5"
"species",563,563,105,9,9311,227,24.5,"3"
"species",564,564,1539,0,0,27,23.3999996185303,"5"
"species",565,565,199,0,0,59,23.8999996185303,"5"
"species",566,566,1324,0,0,27,22.3999996185303,"17"
"species",567,567,1059,0,4961,32,22.5,"17"
"species",568,568,110,6,0,326,24.5,"5"
"species",569,569,-56,46,5832,176,24.1000003814697,"22"
"species",570,570,2,29,0,232,24.2000007629395,"5"
"species",571,571,108,62,14691,149,24.7999992370605,"11"
"species",572,572,1333,0,0,33,22.6000003814697,"11"
"species",573,573,844,0,0,27,22.2999992370605,"5"
"species",574,574,82,22,9989,194,23.7999992370605,"3"
"species",575,575,226,0,0,372,22.6000003814697,"11"
"species",576,576,1937,0,0,30,23.7000007629395,"5"
"species",577,577,1235,10,0,33,23.1000003814697,"5"
"species",578,578,222,6,5387,31,23.3999996185303,"3"
"species",579,579,316,7,0,301,23.6000003814697,"11"
"species",580,580,526,0,0,33,24.1000003814697,"5"
"species",581,581,654,4,6116,33,23.3999996185303,"11"
"species",582,582,582,5,2295,38,23,"5"
"species",583,583,1483,0,0,29,23.1000003814697,"21"
"species",584,584,963,0,0,31,22.6000003814697,"5"
"species",585,585,752,5,5392,32,24.2000007629395,"22"
"species",586,586,1661,0,0,30,22.7999992370605,"5"
"species",587,587,1102,5,15665,77,22.2999992370605,"17"
"species",588,588,92,7,5538,321,24.8999996185303,"5"
"species",589,589,1018,0,0,33,22.5,"5"
"species",590,590,1052,0,0,33,23.6000003814697,"5"
"species",591,591,29,28,14631,232,24.1000003814697,"3"
"species",592,592,79,26,5730,131,24.7000007629395,"11"
"species",593,593,1186,0,0,31,22.6000003814697,"17"
"species",594,594,756,0,0,21,23.8999996185303,"11"
"species",595,595,1436,0,0,29,23.8999996185303,"5"
"species",596,596,1050,0,0,33,23.3999996185303,"5"
"species",597,597,1234,0,0,33,22.8999996185303,"5"
"species",598,598,345,0,5360,40,23.2000007629395,"5"
"species",599,599,352,0,0,31,21.6000003814697,"5"
"species",600,600,132,40,9638,335,24.7000007629395,"5"
"species",601,601,120,4,0,285,24.6000003814697,"3"
"species",602,602,415,5,5325,32,22.7000007629395,"11"
"species",603,603,870,0,4510,30,23,"17"
"species",604,604,405,32,16149,14,23.2999992370605,"13"
"species",605,605,630,0,0,33,22.6000003814697,"5"
"species",606,606,956,3,0,33,23.2000007629395,"5"
"species",607,607,619,5,5955,17,24,"6"
"species",608,608,703,0,0,29,23.7000007629395,"5"
"species",609,609,27,0,0,30,25.1000003814697,"3"
"species",610,610,752,0,0,31,23.3999996185303,"5"
"species",611,611,1139,0,0,33,22.2999992370605,"5"
"species",612,612,1515,0,0,26,21.6000003814697,"21"
"species",613,613,152,4,6688,33,23.6000003814697,"11"
"species",614,614,1033,0,6533,23,22.7999992370605,"17"
"species",615,615,1445,0,0,28,22,"11"
"species",616,616,642,0,0,196,22.7999992370605,"5"
"species",617,617,450,3,12435,88,23.8999996185303,"11"
"species",618,618,135,0,0,33,24.7000007629395,"3"
"species",619,619,226,15,9722,33,23.2000007629395,"11"
"species",620,620,-15,6,0,169,24.8999996185303,"22"
"species",621,621,1025,7,0,29,22.2999992370605,"17"
"species",622,622,144,1,6278,358,23.8999996185303,"11"
"species",623,623,26,11,1805,88,25,"22"
"species",624,624,254,8,0,323,24.2000007629395,"3"
"species",625,625,1081,5,0,33,23.3999996185303,"5"
"species",626,626,451,5,5745,29,23.1000003814697,"11"
"species",627,627,569,0,6213,31,22.6000003814697,"5"
"species",628,628,1112,0,0,33,22.6000003814697,"5"
"species",629,629,586,0,0,310,23,"11"
"species",630,630,108,0,0,32,25,"5"
"species",631,631,1324,0,0,33,22.7999992370605,"5"
"species",632,632,209,9,3344,244,24.6000003814697,"11"
"species",633,633,187,3,4802,25,23.5,"11"
"species",634,634,267,0,6131,378,22.7999992370605,"5"
"species",635,635,1643,0,0,33,23.2000007629395,"5"
"species",636,636,1349,0,0,38,22.6000003814697,"5"
"species",637,637,114,6,11814,370,23.2999992370605,"5"
"species",638,638,80,0,0,25,24.7000007629395,"11"
"species",639,639,91,10,12959,215,24.2999992370605,"11"
"species",640,640,1019,0,0,32,22.2999992370605,"21"
"species",641,641,938,2,0,23,22.8999996185303,"21"
"species",642,642,830,10,15886,36,22.6000003814697,"11"
"species",643,643,1466,0,0,33,22.7999992370605,"5"
"species",644,644,88,44,0,338,24.7999992370605,"5"
"species",645,645,451,0,0,33,23.2000007629395,"5"
"species",646,646,412,6,0,28,24.2000007629395,"5"
"species",647,647,-3,7,1286,3,25.1000003814697,"3"
"species",648,648,567,6,5689,33,22.6000003814697,"3"
"species",649,649,479,0,0,33,22.8999996185303,"5"
"species",650,650,26,35,23184,23,24.8999996185303,"22"
"species",651,651,1112,0,0,69,22.5,"5"
"species",652,652,1181,0,0,49,21.7999992370605,"11"
"species",653,653,686,0,0,326,23.1000003814697,"11"
"species",654,654,586,11,6179,22,24,"21"
"species",655,655,757,11,6276,33,22.2999992370605,"17"
"species",656,656,429,0,0,31,23,"5"
"species",657,657,1237,0,0,31,22.2999992370605,"5"
"species",658,658,1110,0,5978,22,23.1000003814697,"6"
"species",659,659,463,0,0,33,23,"5"
"species",660,660,890,0,2717,25,23.5,"17"
"species",661,661,753,0,0,23,22.7000007629395,"5"
"species",662,662,1008,0,0,33,22.6000003814697,"5"
"species",663,663,21,60,3403,269,24.6000003814697,"11"
"species",664,664,1010,0,0,30,21.5,"5"
"species",665,665,697,0,0,65,22.5,"5"
"species",666,666,971,0,0,33,22.1000003814697,"5"
"species",667,667,1105,0,0,33,22.8999996185303,"5"
"species",668,668,139,13,9325,30,22.6000003814697,"11"
"species",669,669,215,5,2701,368,23.8999996185303,"5"
"species",670,670,559,0,0,33,23.3999996185303,"11"
"species",671,671,188,5,5672,255,24.1000003814697,"11"
"species",672,672,244,10,0,341,24,"11"
"species",673,673,45,0,6695,22,24.6000003814697,"5"
"species",674,674,-101,13,0,156,24.5,"22"
"species",675,675,220,0,9946,282,24.7000007629395,"11"
"species",676,676,68,0,0,32,24.8999996185303,"3"
"species",677,677,1288,0,0,33,22,"5"
"species",678,678,944,0,0,34,22.2999992370605,"11"
"species",679,679,374,0,0,31,23.3999996185303,"5"
"species",680,680,216,5,6789,312,24.2000007629395,"3"
"species",681,681,946,0,0,33,23.6000003814697,"5"
"species",682,682,1003,0,0,242,21.6000003814697,"5"
"species",683,683,79,13,0,102,24.7999992370605,"11"
"species",684,684,1289,0,0,25,22.5,"17"
"species",685,685,353,5,5613,230,23.1000003814697,"5"
"species",686,686,198,3,666,290,24.1000003814697,"5"
"species",687,687,1549,0,0,32,23.6000003814697,"5"
"species",688,688,866,0,662,23,22.6000003814697,"13"
"species",689,689,1243,0,0,28,22.3999996185303,"21"
"species",690,690,1428,0,0,24,22.5,"17"
"species",691,691,5,8,10395,10,24.8999996185303,"22"
"species",692,692,1140,0,0,33,22.7000007629395,"11"
"species",693,693,902,0,0,33,22.6000003814697,"11"
"species",694,694,279,0,0,351,23.7000007629395,"11"
"species",695,695,126,8,8002,127,24.7000007629395,"5"
"species",696,696,106,13,7587,329,24.3999996185303,"5"
"species",697,697,281,4,5357,71,22.7000007629395,"22"
"species",698,698,364,0,0,33,23.7999992370605,"5"
"species",699,699,278,0,0,328,24.2999992370605,"11"
"species",700,700,117,0,6269,33,25,"11"
"species",701,701,260,19,0,328,23.5,"5"
"species",702,702,28,0,5505,12,24.6000003814697,"22"
"species",703,703,135,6,5787,313,24.1000003814697,"5"
"species",704,704,32,30,992,161,24.6000003814697,"5"
"species",705,705,1534,0,6174,30,22.2000007629395,"5"
"species",706,706,434,5,0,33,22.2000007629395,"5"
"species",707,707,103,23,5133,298,24.7000007629395,"5"
"species",708,708,317,0,0,32,24.2000007629395,"11"
